1,41
1,230
1,278
1,310
1,340
1,350
1,441
1,638
1,848
1,885
1,961
1,970
5,41
5,492
5,879
5,898
5,922
5,990
6,937
8,20
8,83
8,198
8,370
8,397
8,401
8,680
8,762
8,825
8,833
8,882
8,979
13,89
13,407
13,481
13,492
13,585
13,810
18,472
18,990
19,199
19,555
19,585
19,650
19,687
19,762
19,800
19,836
19,882
21,96
21,402
26,102
26,113
26,127
26,142
26,156
26,255
26,290
26,446
26,550
26,576
27,853
28,596
29,393
30,261
30,435
31,462
31,593
31,693
31,748
31,762
31,807
31,810
31,875
33,893
39,582
39,824
39,889
42,99
42,585
42,593
43,41
43,80
43,853
44,481
44,621
44,653
48,979
50,123
50,176
50,290
50,441
50,979
52,11
52,27
52,55
52,57
52,99
52,100
52,103
52,117
52,132
52,158
52,166
52,193
52,198
52,283
52,294
52,328
52,350
52,378
52,397
52,402
52,406
52,452
52,472
52,593
52,601
52,650
52,653
52,669
52,703
52,734
52,758
52,762
52,775
52,780
52,820
52,836
52,947
52,970
52,990
55,5
55,158
55,161
55,212
55,223
55,230
55,243
55,503
55,543
55,678
55,755
55,807
55,810
55,879
55,970
58,407
58,970
60,300
60,462
60,678
60,775
60,836
61,252
64,65
64,236
64,310
64,492
64,610
64,853
70,113
70,252
71,762
72,729
74,28
74,33
74,41
74,149
74,204
74,273
74,284
74,290
74,310
74,446
74,498
74,500
74,550
74,560
74,576
74,633
74,636
74,727
74,788
74,820
74,849
74,859
79,199
82,555
90,807
91,195
91,230
91,243
91,285
91,328
91,462
91,848
91,893
91,961
91,970
91,986
95,96
95,230
95,313
95,492
95,747
95,848
95,942
97,922
99,103
99,593
99,717
101,402
101,598
102,26
102,113
102,230
102,285
102,392
102,964
103,99
105,199
105,568
105,606
109,787
112,958
115,29
116,83
116,101
116,198
116,199
116,213
116,294
116,370
116,397
116,404
116,538
116,555
116,599
116,606
116,635
116,650
116,717
116,728
116,774
116,807
116,834
116,937
117,55
117,653
117,678
121,99
121,158
121,161
121,198
121,212
121,223
121,243
121,297
121,300
121,402
121,678
121,747
121,783
121,784
121,834
121,860
121,868
121,970
121,979
122,5
122,96
122,101
122,109
122,162
122,210
122,212
122,243
122,344
122,394
122,441
122,462
122,472
122,503
122,561
122,568
122,585
122,651
122,664
122,678
122,697
122,699
122,717
122,725
122,807
122,823
122,848
122,853
122,879
122,922
122,937
122,986
123,204
123,300
123,310
123,316
123,650
123,961
126,20
126,333
126,370
126,762
126,833
127,28
127,460
127,582
130,593
131,283
131,293
131,452
132,230
132,243
132,328
132,755
132,823
132,970
135,764
135,800
136,824
137,243
137,970
141,693
142,255
142,268
142,284
142,576
142,849
147,600
150,252
151,55
151,99
151,109
151,142
151,166
151,210
151,230
151,310
151,344
151,452
151,462
151,560
151,576
151,585
151,593
151,606
151,621
151,636
151,687
151,848
151,901
151,922
151,990
151,994
155,785
155,836
160,593
161,27
161,195
161,555
161,848
161,942
165,568
170,5
170,20
170,27
170,65
170,83
170,95
170,140
170,241
170,350
170,394
170,610
170,651
170,747
170,755
170,783
170,785
170,893
170,912
170,922
170,979
170,990
174,212
174,273
174,577
174,697
174,727
175,807
177,568
183,477
183,879
186,568
191,748
193,96
193,239
193,313
193,503
193,734
193,748
196,236
196,285
196,349
196,610
199,124
199,158
199,213
199,283
199,404
199,435
199,504
199,555
199,650
199,693
199,694
199,774
199,780
201,650
203,55
203,430
203,677
206,882
208,199
210,100
210,101
210,158
210,161
210,223
210,243
210,350
210,430
210,445
210,585
210,650
210,697
210,717
210,747
210,762
210,783
210,807
210,990
213,199
213,650
213,677
213,693
213,748
213,774
213,807
213,937
215,199
215,678
215,687
215,717
217,561
221,251
221,495
221,889
221,952
225,868
229,490
236,41
236,158
236,223
236,748
236,848
238,568
241,162
241,289
241,603
241,823
241,879
243,5
243,27
243,41
243,60
243,95
243,109
243,140
243,162
243,210
243,212
243,230
243,239
243,241
243,300
243,328
243,350
243,378
243,430
243,441
243,452
243,462
243,470
243,472
243,503
243,651
243,697
243,714
243,747
243,783
243,785
243,787
243,807
243,823
243,848
243,853
243,884
243,898
243,923
243,970
243,986
243,990
246,241
248,55
248,101
248,117
248,279
248,687
248,693
249,9
249,26
249,103
249,127
249,142
249,156
249,221
249,224
249,252
249,269
249,273
249,276
249,306
249,319
249,325
249,367
249,392
249,403
249,411
249,417
249,446
249,495
249,500
249,576
249,594
249,639
249,941
249,952
249,964
249,994
249,996
252,41
252,99
252,113
252,184
252,241
252,243
252,316
252,371
252,393
252,407
252,462
252,467
252,492
252,498
252,593
252,606
252,610
252,636
252,669
252,703
252,717
252,814
252,901
252,937
252,964
252,970
252,994
253,693
257,397
258,636
264,465
268,9
268,41
268,102
268,113
268,230
268,284
268,313
268,407
268,454
268,492
268,576
268,853
268,879
268,990
271,158
271,289
273,310
273,500
273,560
273,576
273,610
273,747
273,921
277,325
277,750
278,170
279,99
279,117
282,142
282,230
282,243
282,252
282,263
282,276
282,279
282,284
282,350
282,403
282,495
282,593
282,762
282,824
282,825
282,889
284,9
284,102
284,113
284,325
284,750
284,885
286,207
287,41
287,241
287,278
287,368
287,492
287,737
287,758
287,848
287,912
289,230
289,243
289,310
289,344
289,593
289,687
289,693
289,853
289,937
291,57
291,101
291,193
291,406
291,621
291,635
291,687
291,762
291,800
291,807
291,834
291,836
291,882
291,937
292,96
292,621
292,703
294,650
298,60
298,328
298,823
298,970
301,853
302,27
302,149
302,174
302,193
302,290
302,300
302,340
302,912
308,279
310,357
310,550
310,994
313,95
313,614
314,728
315,65
318,793
320,650
322,195
322,210
322,394
324,853
329,762
330,4
330,41
330,310
330,492
330,638
330,848
333,20
333,83
333,89
333,98
333,213
333,370
333,397
333,664
333,670
333,680
333,681
333,699
333,762
333,764
333,800
333,825
333,833
333,836
333,860
333,910
333,937
336,101
336,291
336,807
340,703
340,797
340,885
341,89
341,784
341,860
341,910
342,937
343,5
343,166
343,430
343,714
347,140
347,755
347,793
347,807
347,898
349,196
349,472
349,492
349,576
349,610
349,743
350,96
350,154
350,170
350,278
350,577
350,610
350,797
350,942
352,650
352,937
356,834
360,452
363,4
363,37
363,41
363,261
363,394
363,492
363,573
363,879
368,599
370,202
370,428
370,800
378,117
378,283
378,452
378,492
378,593
378,680
378,693
378,748
378,785
378,787
378,807
378,923
378,937
383,937
386,166
386,223
386,300
386,430
386,687
386,814
387,55
387,57
387,96
387,99
387,117
387,158
387,161
387,187
387,193
387,199
387,213
387,214
387,223
387,279
387,289
387,294
387,297
387,303
387,344
387,368
387,402
387,404
387,406
387,432
387,435
387,462
387,538
387,542
387,543
387,555
387,568
387,585
387,593
387,601
387,603
387,606
387,621
387,650
387,653
387,677
387,678
387,687
387,693
387,694
387,717
387,728
387,734
387,748
387,762
387,780
387,785
387,807
387,836
387,882
387,937
388,243
388,714
388,823
388,970
389,762
390,294
392,113
392,230
392,252
392,462
392,697
394,4
394,261
398,397
398,402
398,598
404,98
404,99
404,199
404,243
404,650
404,653
404,693
404,728
404,807
406,98
407,853
409,492
409,923
410,333
415,243
417,252
417,289
417,310
417,462
417,743
417,964
418,27
418,95
418,99
418,103
418,117
418,140
418,166
418,199
418,210
418,213
418,243
418,309
418,404
418,452
418,462
418,472
418,503
418,555
418,593
418,601
418,606
418,621
418,697
418,747
418,755
418,774
418,780
418,807
418,923
418,990
420,979
423,755
424,560
426,921
428,825
429,294
429,333
429,428
429,650
430,98
430,294
430,313
430,452
430,481
430,555
430,695
430,834
430,862
430,868
430,884
430,947
430,990
432,402
432,606
432,678
432,807
439,138
439,154
439,196
439,462
439,638
439,697
439,788
439,921
439,941
441,4
441,95
441,96
441,140
441,170
441,278
441,394
441,472
441,492
441,578
441,678
441,748
441,783
441,836
441,848
441,879
441,912
441,942
441,958
450,214
452,132
452,243
452,322
452,462
452,503
452,785
452,793
452,898
452,990
454,55
454,212
454,230
454,252
454,367
454,392
454,430
454,462
454,492
454,500
454,538
454,928
455,158
455,230
455,243
455,300
455,603
455,678
455,693
455,747
455,748
455,785
455,793
455,807
461,41
461,853
461,879
462,55
462,99
462,113
462,127
462,196
462,199
462,223
462,243
462,252
462,306
462,411
462,417
462,454
462,467
462,495
462,505
462,555
462,603
462,606
462,650
462,669
462,717
462,729
462,737
462,860
462,889
462,937
462,970
463,99
463,693
464,452
467,284
467,717
467,941
468,98
468,764
472,5
472,37
472,41
472,60
472,95
472,154
472,210
472,243
472,378
472,441
472,445
472,452
472,462
472,477
472,492
472,561
472,714
472,725
472,747
472,785
472,807
472,881
472,912
472,923
472,942
472,970
472,990
474,561
474,725
479,404
480,313
483,392
483,411
483,444
486,243
488,990
489,442
493,825
495,284
495,367
495,462
496,848
499,603
500,576
500,678
500,970
503,5
503,41
503,95
503,109
503,140
503,162
503,210
503,230
503,241
503,243
503,261
503,300
503,322
503,350
503,407
503,415
503,441
503,445
503,452
503,472
503,477
503,651
503,674
503,697
503,714
503,725
503,747
503,755
503,783
503,785
503,842
503,848
503,853
503,859
503,879
503,898
503,912
503,922
503,923
503,970
503,986
503,990
505,230
505,454
507,585
513,113
513,285
513,454
513,737
514,26
514,593
514,693
521,223
521,243
527,596
527,961
533,198
534,349
534,743
539,868
540,162
540,322
540,328
547,142
547,283
547,430
548,393
552,582
555,44
555,223
556,633
557,187
562,41
562,193
562,273
562,653
562,845
564,4
564,196
564,278
564,340
564,394
564,492
564,610
564,923
566,882
567,44
568,4
568,41
568,923
570,472
576,1
576,28
576,41
576,156
576,196
576,261
576,273
576,284
576,290
576,310
576,349
576,446
576,498
576,527
576,550
576,610
576,636
576,693
576,697
576,727
576,737
576,783
576,788
576,820
576,833
576,836
576,879
576,923
577,96
577,162
577,170
577,214
577,344
577,555
577,560
577,650
577,693
577,717
577,774
580,41
580,367
580,639
580,677
580,994
582,472
582,990
583,103
584,325
585,593
585,603
585,621
588,693
593,99
593,294
593,344
593,585
593,603
593,678
593,717
595,28
595,72
595,319
595,357
595,403
595,495
595,594
595,824
595,889
599,101
599,606
599,834
601,4
601,41
601,236
601,261
601,394
601,492
601,638
601,654
601,798
601,961
602,555
603,174
603,230
603,650
603,678
603,882
604,714
604,823
606,650
610,37
610,65
610,170
610,174
610,195
610,230
610,236
610,243
610,285
610,344
610,368
610,407
610,415
610,492
610,571
610,573
610,577
610,596
610,603
610,638
610,654
610,690
610,697
610,714
610,725
610,755
610,785
610,798
610,842
610,853
610,893
610,898
610,913
610,922
610,923
610,970
611,635
611,868
612,9
612,26
612,41
612,113
612,204
612,268
612,284
612,371
612,392
612,417
612,467
612,824
612,941
620,113
621,12
621,193
621,199
621,237
621,291
621,303
621,555
621,585
621,814
621,836
626,158
626,717
628,606
628,717
633,41
633,65
633,195
633,236
633,278
633,310
633,492
633,577
633,610
633,638
633,654
633,797
633,798
633,961
636,85
636,236
636,394
636,477
636,561
636,774
636,970
637,41
639,26
639,33
639,127
639,284
639,472
640,677
647,243
647,762
649,603
649,762
653,223
653,650
654,601
657,41
659,585
660,96
660,836
662,55
662,101
662,223
662,807
662,810
665,52
665,103
665,703
665,885
670,17
670,800
671,705
673,947
676,462
688,4
688,154
688,278
688,492
688,923
692,555
694,606
695,937
696,230
700,162
703,196
703,204
703,243
703,669
703,901
704,889
704,996
706,195
706,961
710,65
710,99
710,198
710,236
710,417
710,461
710,638
710,798
710,824
710,910
714,4
714,41
714,241
714,243
714,300
714,430
714,441
714,452
714,462
714,472
714,503
714,610
714,643
714,690
714,693
714,705
714,785
714,793
714,848
714,853
714,912
714,923
714,942
714,980
714,991
715,333
715,370
715,650
715,774
716,230
721,697
721,923
723,60
723,170
723,243
723,261
723,970
725,898
729,241
731,252
733,638
734,166
734,193
734,300
734,532
734,748
734,807
734,823
734,990
735,198
735,199
735,650
735,774
735,836
735,882
735,910
735,979
736,41
736,636
737,963
742,5
742,41
742,95
742,241
742,377
742,441
742,472
742,614
742,714
742,842
742,923
743,952
744,230
748,158
748,161
748,199
748,223
748,289
748,294
748,297
748,402
748,430
748,435
748,462
748,555
748,601
748,669
748,734
748,807
748,810
748,875
749,101
749,103
749,402
753,594
759,370
759,664
759,687
759,699
759,722
759,762
759,860
762,198
762,199
762,291
762,294
762,397
762,421
762,650
762,693
762,728
762,800
762,825
762,882
763,285
765,236
767,52
767,72
767,113
767,230
767,243
767,252
767,263
767,264
767,268
767,269
767,290
767,322
767,392
767,452
767,454
767,703
767,729
767,853
767,898
767,941
767,990
771,402
772,322
773,859
774,12
774,193
774,198
774,294
774,650
774,687
774,694
774,717
774,807
774,862
780,402
780,601
780,678
780,734
787,162
787,230
787,430
789,853
790,990
791,986
793,970
796,853
797,610
797,654
800,762
803,109
807,131
807,199
807,210
807,212
807,289
807,313
807,333
807,430
807,606
807,613
807,677
810,578
810,807
814,27
814,57
814,83
814,158
814,210
814,212
814,230
814,283
814,328
814,344
814,368
814,378
814,406
814,430
814,452
814,543
814,621
814,764
814,787
814,833
814,836
814,970
814,986
814,990
816,430
816,606
817,798
819,98
819,101
819,103
819,199
819,598
819,687
819,693
820,52
820,290
821,279
821,678
822,328
824,252
826,764
830,4
830,5
830,65
830,95
830,109
830,212
830,236
830,243
830,350
830,430
830,561
830,610
830,638
830,651
830,714
830,785
830,797
830,848
830,853
830,898
830,923
830,942
830,961
830,970
830,990
831,454
833,397
833,687
833,762
833,937
836,198
836,199
836,283
836,402
836,430
836,462
836,635
836,650
836,677
836,687
836,728
836,762
836,787
836,807
836,937
839,693
844,243
847,261
847,492
847,610
847,942
847,958
848,1
848,4
848,41
848,44
848,55
848,57
848,96
848,98
848,101
848,117
848,154
848,158
848,174
848,193
848,210
848,212
848,230
848,236
848,243
848,261
848,278
848,279
848,285
848,291
848,300
848,310
848,344
848,350
848,378
848,394
848,406
848,432
848,441
848,452
848,461
848,462
848,472
848,481
848,492
848,555
848,560
848,568
848,571
848,585
848,593
848,596
848,603
848,606
848,610
848,638
848,650
848,651
848,677
848,678
848,687
848,693
848,702
848,705
848,727
848,728
848,734
848,747
848,755
848,762
848,774
848,785
848,787
848,788
848,797
848,807
848,810
848,836
848,842
848,879
848,885
848,898
848,901
848,912
848,922
848,923
848,961
848,990
852,910
853,5
853,212
853,415
855,585
856,158
856,289
856,435
856,669
864,646
867,26
867,102
867,113
867,454
867,928
868,55
868,57
868,98
868,179
868,601
868,606
868,678
868,734
868,800
868,845
868,910
868,979
869,297
879,95
879,140
879,241
879,407
879,441
879,477
879,725
879,747
879,783
879,848
879,853
879,898
879,912
879,922
879,923
879,990
884,653
885,236
885,555
885,654
885,702
885,798
885,859
885,901
886,20
886,243
891,230
891,313
891,798
891,807
892,793
893,65
897,55
897,462
897,755
898,96
898,230
898,406
898,687
898,694
898,810
899,415
901,310
901,596
901,703
901,758
901,885
907,199
907,213
907,404
907,555
907,717
911,402
912,4
912,154
912,187
912,199
912,230
912,241
912,261
912,344
912,394
912,402
912,492
912,568
912,651
912,653
912,714
912,748
912,848
912,853
912,879
919,397
922,95
922,853
923,109
923,243
923,415
923,432
923,441
923,561
923,725
923,785
923,848
923,853
923,912
925,687
928,310
929,285
935,204
937,198
937,213
937,370
937,650
937,833
941,467
945,442
946,230
948,786
949,140
950,65
954,490
967,89
967,98
967,198
967,421
967,598
967,664
967,687
967,693
967,764
967,784
967,800
967,860
967,868
967,882
967,910
970,210
970,472
970,705
970,881
973,1
975,690
978,417
979,198
981,441
981,848
981,922
985,99
986,212
986,230
986,300
986,313
986,452
986,503
986,970
986,990
995,95
995,140
995,297
995,783
998,214
998,606
998,774
998,807
999,910
